1
1
9
0
(8 0
((0,0,0) (15,15,15) (0,0,0))
((16,0,0) (47,15,15) (0,0,0))
((0,16,0) (15,47,15) (0,0,0))
((16,16,0) (47,47,15) (0,0,0))
((0,0,16) (15,15,47) (0,0,0))
((16,0,16) (47,15,47) (0,0,0))
((0,16,16) (15,47,47) (0,0,0))
((16,16,16) (47,47,47) (0,0,0))
)
8
FabOnDisk: Cell_D_00004 0
FabOnDisk: Cell_D_00004 295001
FabOnDisk: Cell_D_00005 0
FabOnDisk: Cell_D_00001 0
FabOnDisk: Cell_D_00006 0
FabOnDisk: Cell_D_00002 0
FabOnDisk: Cell_D_00003 0
FabOnDisk: Cell_D_00000 0

8,9
5.1640826706510872e+00,4.1780280031915771e+00,0.0000000000000000e+00,-1.4986212904266704e-02,-1.4998865728080148e-02,-7.7963575053235810e-03,1.0000000000000000e+00,3.0000000000000000e+02,1.0315647028491609e-09,
5.1640826706510872e+00,4.1780280031915771e+00,0.0000000000000000e+00,-1.4986212904269316e-02,-1.4998865728082228e-02,-7.7963575053235498e-03,1.0000000000000000e+00,3.0000000000000000e+02,1.0315647028491609e-09,
5.1640826706510872e+00,4.1780280031915771e+00,0.0000000000000000e+00,-1.4986212904266870e-02,-1.4998865728079512e-02,-7.7963575053235602e-03,1.0000000000000000e+00,3.0000000000000000e+02,1.0315647028491609e-09,
5.1640826706510872e+00,4.1780280031915771e+00,0.0000000000000000e+00,-1.4986212904267817e-02,-1.4998865728080308e-02,-7.7963575053232757e-03,1.0000000000000000e+00,3.0000000000000000e+02,1.0315647028491609e-09,
6.1283555443551139e+00,5.1423008768956038e+00,0.0000000000000000e+00,-9.4330646793782852e-07,-9.7189394285087721e-07,6.6840995837602873e-04,1.0000000000000000e+00,3.0000000000000000e+02,0.0000000000000000e+00,
6.1283555443551139e+00,5.1423008768956038e+00,0.0000000000000000e+00,-9.4330647078896598e-07,-9.7189394375393906e-07,6.6840995837552674e-04,1.0000000000000000e+00,3.0000000000000000e+02,0.0000000000000000e+00,
6.1283555443551139e+00,5.1423008768956038e+00,0.0000000000000000e+00,-9.4330646793718382e-07,-9.7189393790686110e-07,6.6840995837543513e-04,1.0000000000000000e+00,3.0000000000000000e+02,0.0000000000000000e+00,
6.1283555443551139e+00,5.1423008768956038e+00,0.0000000000000000e+00,-9.4330646920933233e-07,-9.7189393786858326e-07,6.6840995837419404e-04,1.0000000000000000e+00,3.0000000000000000e+02,0.0000000000000000e+00,

8,9
7.0926284192525610e+00,6.1065737517930510e+00,0.0000000000000000e+00,1.4975971877857170e-02,1.5004526028921855e-02,9.1776637298926055e-03,1.0000000000000000e+00,3.0000000000000000e+02,4.6285350744688092e-02,
7.0926284192525610e+00,6.1065737517930510e+00,0.0000000000000000e+00,1.4975971877852465e-02,1.5004526028922651e-02,9.1776637298937522e-03,1.0000000000000000e+00,3.0000000000000000e+02,4.6285350744688127e-02,
7.0926284192525610e+00,6.1065737517930510e+00,0.0000000000000000e+00,1.4975971877853616e-02,1.5004526028922154e-02,9.1776637298923974e-03,1.0000000000000000e+00,3.0000000000000000e+02,4.6285350744688127e-02,
7.0926284192525610e+00,6.1065737517930510e+00,0.0000000000000000e+00,1.4975971877852106e-02,1.5004526028924155e-02,9.1776637298929247e-03,1.0000000000000000e+00,3.0000000000000000e+02,4.6285350744688154e-02,
6.1283555455485343e+00,5.1423008780890243e+00,0.0000000000000000e+00,9.4330487905451986e-07,9.7189621688194426e-07,2.8577275165159699e-01,1.0000000000000000e+00,3.0871875000000000e+02,3.0496665605828177e-10,
6.1283555455485343e+00,5.1423008780890243e+00,0.0000000000000000e+00,9.4330487879110172e-07,9.7189621709439007e-07,2.8577275165159871e-01,1.0000000000000000e+00,3.0871875000000000e+02,3.0496665605828177e-10,
6.1283555455485343e+00,5.1423008780890243e+00,0.0000000000000000e+00,9.4330487933143886e-07,9.7189621716586292e-07,2.8577275165159738e-01,1.0000000000000000e+00,3.0871875000000000e+02,3.0496665605828177e-10,
6.1283555455485343e+00,5.1423008780890243e+00,0.0000000000000000e+00,9.4330487885787057e-07,9.7189621721810749e-07,2.8577275165159888e-01,1.0000000000000000e+00,3.0871875000000000e+02,3.0496665605828177e-10,

