HyperCLaw-V1.1
9
velx
vely
velz
gpx
gpy
gpz
density
tracer0
vort
3
0
0
0 0 0 
1000 1000 1000 

((0,0,0) (47,47,47) (0,0,0)) 
0 
20.833333333333332 20.833333333333332 20.833333333333332 
0
0
0 8 0
0
0 333.33333333333331
0 333.33333333333331
0 333.33333333333331
333.33333333333331 1000
0 333.33333333333331
0 333.33333333333331
0 333.33333333333331
333.33333333333331 1000
0 333.33333333333331
333.33333333333331 1000
333.33333333333331 1000
0 333.33333333333331
0 333.33333333333331
0 333.33333333333331
333.33333333333331 1000
333.33333333333331 1000
0 333.33333333333331
333.33333333333331 1000
0 333.33333333333331
333.33333333333331 1000
333.33333333333331 1000
333.33333333333331 1000
333.33333333333331 1000
333.33333333333331 1000
Level_0/Cell
